
x =

  Columns 1 through 15

     1     2     3     4     5     6     7     8     9    10    11    12    13    14    15

  Columns 16 through 24

    16    17    18    19    20    21    22    23    24


y =

  Columns 1 through 15

    66    66    65    64    63    63    62    61    60    60    59    58    58    58    58

  Columns 16 through 24

    58    57    57    57    58    60    64    67    68

 
f =
 
(E - Y + C*sin(D*X) + A*cos(B*X))^2
 
 
s =
 
2*A - 2934*E - 300*A^2*cos(B)^2 + 59800*A^2*cos(B)^4 - 4736160*A^2*cos(B)^6 + 198918720*A^2*cos(B)^8 - 5127682560*A^2*cos(B)^10 + 88569062400*A^2*cos(B)^12 - 1086187622400*A^2*cos(B)^14 + 9848101109760*A^2*cos(B)^16 - 67971207659520*A^2*cos(B)^18 + 364898062172160*A^2*cos(B)^20 - 1548052384972800*A^2*cos(B)^22 + 5249916783820800*A^2*cos(B)^24 - 14344388012408832*A^2*cos(B)^26 + 31724625339613184*A^2*cos(B)^28 - 56885535091720192*A^2*cos(B)^30 + 82575776746045440*A^2*cos(B)^32 - 96559197050634240*A^2*cos(B)^34 + 90121917247258624*A^2*cos(B)^36 - 66149230867120128*A^2*cos(B)^38 + 37314950745554944*A^2*cos(B)^40 - 15602069998141440*A^2*cos(B)^42 + 4551978138992640*A^2*cos(B)^44 - 826832744087552*A^2*cos(B)^46 + 70368744177664*A^2*cos(B)^48 + 12*C^2*sin(D)^2 + 1736*A*cos(B) + 8*C*sin(D) + 12*A^2 + 24*E^2 + 21152*A*cos(B)^2 - 162592*A*cos(B)^3 - 1094944*A*cos(B)^4 + 4514080*A*cos(B)^5 + 21977024*A*cos(B)^6 - 57648768*A*cos(B)^7 - 226469632*A*cos(B)^8 + 407417856*A*cos(B)^9 + 1369869312*A*cos(B)^10 - 1752580096*A*cos(B)^11 - 5229486080*A*cos(B)^12 + 4825497600*A*cos(B)^13 + 13090799616*A*cos(B)^14 - 8683421696*A*cos(B)^15 - 21786525696*A*cos(B)^16 + 10161094656*A*cos(B)^17 + 23877910528*A*cos(B)^18 - 7448559616*A*cos(B)^19 - 16552820736*A*cos(B)^20 + 3105882112*A*cos(B)^21 + 6576668672*A*cos(B)^22 - 562036736*A*cos(B)^23 - 1140850688*A*cos(B)^24 + 1608*C*cos(D)*sin(D) + 312*C^2*cos(D)^2*sin(D)^2 - 59488*C^2*cos(D)^4*sin(D)^2 + 4676672*C^2*cos(D)^6*sin(D)^2 - 194242048*C^2*cos(D)^8*sin(D)^2 + 4933440512*C^2*cos(D)^10*sin(D)^2 - 83635621888*C^2*cos(D)^12*sin(D)^2 + 1002552000512*C^2*cos(D)^14*sin(D)^2 - 8845549109248*C^2*cos(D)^16*sin(D)^2 + 59125658550272*C^2*cos(D)^18*sin(D)^2 - 305772403621888*C^2*cos(D)^20*sin(D)^2 + 1242279981350912*C^2*cos(D)^22*sin(D)^2 - 4007636802469888*C^2*cos(D)^24*sin(D)^2 + 10336751209938944*C^2*cos(D)^26*sin(D)^2 - 21387874129674240*C^2*cos(D)^28*sin(D)^2 + 35497660962045952*C^2*cos(D)^30*sin(D)^2 - 47078115783999488*C^2*cos(D)^32*sin(D)^2 + 49481081266634752*C^2*cos(D)^34*sin(D)^2 - 40640835980623872*C^2*cos(D)^36*sin(D)^2 + 25508394886496256*C^2*cos(D)^38*sin(D)^2 - 11806555859058688*C^2*cos(D)^40*sin(D)^2 + 3795514139082752*C^2*cos(D)^42*sin(D)^2 - 756463999909888*C^2*cos(D)^44*sin(D)^2 + 70368744177664*C^2*cos(D)^46*sin(D)^2 - 20592*C*cos(D)^2*sin(D) - 175584*C*cos(D)^3*sin(D) + 950560*C*cos(D)^4*sin(D) + 5310016*C*cos(D)^5*sin(D) - 17046656*C*cos(D)^6*sin(D) - 73258240*C*cos(D)^7*sin(D) + 155412480*C*cos(D)^8*sin(D) + 556084224*C*cos(D)^9*sin(D) - 819937280*C*cos(D)^10*sin(D) - 2557231104*C*cos(D)^11*sin(D) + 2677473280*C*cos(D)^12*sin(D) + 7496548352*C*cos(D)^13*sin(D) - 5579177984*C*cos(D)^14*sin(D) - 14311620608*C*cos(D)^15*sin(D) + 7425884160*C*cos(D)^16*sin(D) + 17711235072*C*cos(D)^17*sin(D) - 6106382336*C*cos(D)^18*sin(D) - 13692305408*C*cos(D)^19*sin(D) + 2824863744*C*cos(D)^20*sin(D) + 6006243328*C*cos(D)^21*sin(D) - 562036736*C*cos(D)^22*sin(D) - 1140850688*C*cos(D)^23*sin(D) - 24*A*E*cos(B) - 312*A*E*cos(B)^2 + 2288*A*E*cos(B)^3 + 16016*A*E*cos(B)^4 - 64064*A*E*cos(B)^5 - 320320*A*E*cos(B)^6 + 823680*A*E*cos(B)^7 + 3294720*A*E*cos(B)^8 - 5857280*A*E*cos(B)^9 - 19914752*A*E*cos(B)^10 + 25346048*A*E*cos(B)^11 + 76038144*A*E*cos(B)^12 - 70189056*A*E*cos(B)^13 - 190513152*A*E*cos(B)^14 + 127008768*A*E*cos(B)^15 + 317521920*A*E*cos(B)^16 - 149422080*A*E*cos(B)^17 - 348651520*A*E*cos(B)^18 + 110100480*A*E*cos(B)^19 + 242221056*A*E*cos(B)^20 - 46137344*A*E*cos(B)^21 - 96468992*A*E*cos(B)^22 + 8388608*A*E*cos(B)^23 + 16777216*A*E*cos(B)^24 + 288*A*C*cos(B)*sin(D) - 312*A*C*cos(D)*sin(D) - 24*C*E*cos(D)*sin(D) - 13728*A*C*cos(B)^3*sin(D) + 256256*A*C*cos(B)^5*sin(D) - 2471040*A*C*cos(B)^7*sin(D) + 14057472*A*C*cos(B)^9*sin(D) - 50692096*A*C*cos(B)^11*sin(D) + 120324096*A*C*cos(B)^13*sin(D) - 190513152*A*C*cos(B)^15*sin(D) + 199229440*A*C*cos(B)^17*sin(D) - 132120576*A*C*cos(B)^19*sin(D) + 50331648*A*C*cos(B)^21*sin(D) - 8388608*A*C*cos(B)^23*sin(D) + 16016*A*C*cos(D)^3*sin(D) - 320320*A*C*cos(D)^5*sin(D) + 3294720*A*C*cos(D)^7*sin(D) - 19914752*A*C*cos(D)^9*sin(D) + 76038144*A*C*cos(D)^11*sin(D) - 190513152*A*C*cos(D)^13*sin(D) + 317521920*A*C*cos(D)^15*sin(D) - 348651520*A*C*cos(D)^17*sin(D) + 242221056*A*C*cos(D)^19*sin(D) - 96468992*A*C*cos(D)^21*sin(D) + 16777216*A*C*cos(D)^23*sin(D) + 288*C*E*cos(D)^2*sin(D) + 2576*C*E*cos(D)^3*sin(D) - 13440*C*E*cos(D)^4*sin(D) - 77504*C*E*cos(D)^5*sin(D) + 242816*C*E*cos(D)^6*sin(D) + 1066496*C*E*cos(D)^7*sin(D) - 2228224*C*E*cos(D)^8*sin(D) - 8085504*C*E*cos(D)^9*sin(D) + 11829248*C*E*cos(D)^10*sin(D) + 37175296*C*E*cos(D)^11*sin(D) - 38862848*C*E*cos(D)^12*sin(D) - 109051904*C*E*cos(D)^13*sin(D) + 81461248*C*E*cos(D)^14*sin(D) + 208470016*C*E*cos(D)^15*sin(D) - 109051904*C*E*cos(D)^16*sin(D) - 258473984*C*E*cos(D)^17*sin(D) + 90177536*C*E*cos(D)^18*sin(D) + 200278016*C*E*cos(D)^19*sin(D) - 41943040*C*E*cos(D)^20*sin(D) - 88080384*C*E*cos(D)^21*sin(D) + 8388608*C*E*cos(D)^22*sin(D) + 16777216*C*E*cos(D)^23*sin(D) - 41184*A*C*cos(B)*cos(D)^2*sin(D) + 48672*A*C*cos(B)^2*cos(D)*sin(D) + 1281280*A*C*cos(B)*cos(D)^4*sin(D) - 1665664*A*C*cos(B)^4*cos(D)*sin(D) - 17297280*A*C*cos(B)*cos(D)^6*sin(D) + 24984960*A*C*cos(B)^6*cos(D)*sin(D) + 126517248*A*C*cos(B)*cos(D)^8*sin(D) - 205590528*A*C*cos(B)^8*cos(D)*sin(D) - 557613056*A*C*cos(B)*cos(D)^10*sin(D) + 1035567104*A*C*cos(B)^10*cos(D)*sin(D) + 1564213248*A*C*cos(B)*cos(D)^12*sin(D) - 3389128704*A*C*cos(B)^12*cos(D)*sin(D) - 2857697280*A*C*cos(B)*cos(D)^14*sin(D) + 7430012928*A*C*cos(B)^14*cos(D)*sin(D) + 3386900480*A*C*cos(B)*cos(D)^16*sin(D) - 11007426560*A*C*cos(B)^16*cos(D)*sin(D) - 2510290944*A*C*cos(B)*cos(D)^18*sin(D) + 10877927424*A*C*cos(B)^18*cos(D)*sin(D) + 1056964608*A*C*cos(B)*cos(D)^20*sin(D) - 6870269952*A*C*cos(B)^20*cos(D)*sin(D) - 192937984*A*C*cos(B)*cos(D)^22*sin(D) + 2508193792*A*C*cos(B)^22*cos(D)*sin(D) - 402653184*A*C*cos(B)^24*cos(D)*sin(D) - 3331328*A*C*cos(B)^2*cos(D)^3*sin(D) + 2617472*A*C*cos(B)^3*cos(D)^2*sin(D) + 74954880*A*C*cos(B)^2*cos(D)^5*sin(D) - 91611520*A*C*cos(B)^3*cos(D)^4*sin(D) + 128256128*A*C*cos(B)^4*cos(D)^3*sin(D) - 54966912*A*C*cos(B)^5*cos(D)^2*sin(D) - 822362112*A*C*cos(B)^2*cos(D)^7*sin(D) + 1319205888*A*C*cos(B)^3*cos(D)^6*sin(D) - 3078147072*A*C*cos(B)^4*cos(D)^5*sin(D) + 2052098048*A*C*cos(B)^5*cos(D)^4*sin(D) - 2052098048*A*C*cos(B)^6*cos(D)^3*sin(D) + 565373952*A*C*cos(B)^7*cos(D)^2*sin(D) + 5177835520*A*C*cos(B)^2*cos(D)^9*sin(D) - 10051092480*A*C*cos(B)^3*cos(D)^8*sin(D) + 35178823680*A*C*cos(B)^4*cos(D)^7*sin(D) - 30781470720*A*C*cos(B)^5*cos(D)^6*sin(D) + 51302451200*A*C*cos(B)^6*cos(D)^5*sin(D) - 21986764800*A*C*cos(B)^7*cos(D)^4*sin(D) + 17589411840*A*C*cos(B)^8*cos(D)^3*sin(D) - 3350364160*A*C*cos(B)^9*cos(D)^2*sin(D) - 20334772224*A*C*cos(B)^2*cos(D)^11*sin(D) + 45564952576*A*C*cos(B)^3*cos(D)^10*sin(D) - 227824762880*A*C*cos(B)^4*cos(D)^9*sin(D) + 241226219520*A*C*cos(B)^5*cos(D)^8*sin(D) - 603065548800*A*C*cos(B)^6*cos(D)^7*sin(D) + 339224371200*A*C*cos(B)^7*cos(D)^6*sin(D) - 452299161600*A*C*cos(B)^8*cos(D)^5*sin(D) + 134014566400*A*C*cos(B)^9*cos(D)^4*sin(D) - 91129905152*A*C*cos(B)^10*cos(D)^3*sin(D) + 12426805248*A*C*cos(B)^11*cos(D)^2*sin(D) + 52010090496*A*C*cos(B)^2*cos(D)^13*sin(D) - 130481455104*A*C*cos(B)^3*cos(D)^12*sin(D) + 913370185728*A*C*cos(B)^4*cos(D)^11*sin(D) - 1116341338112*A*C*cos(B)^5*cos(D)^10*sin(D) + 3986933350400*A*C*cos(B)^6*cos(D)^9*sin(D) - 2713794969600*A*C*cos(B)^7*cos(D)^8*sin(D) + 5427589939200*A*C*cos(B)^8*cos(D)^7*sin(D) - 2110729420800*A*C*cos(B)^9*cos(D)^6*sin(D) + 